Accuracy:0.864164
ROCAUC:0.931976
